【連続戦成績】
    検索範囲：yyyy/mm/dd HH:MM:SS ～ yyyy/mm/dd HH:MM:SS
    集計条件：連続5ゲーム / ベスト10
    特記事項：集計対象ルール xxx

名前       合計ポイント                  獲得ポイント  獲得順位 トビ数 総対戦数
---------- ------------ ----------------------------- --------- ------ --------
Player_000       +198.5 +49.9,+41.7,+64.1,▲14.0,+56.8 1,1,1,3,1      0      157
Player_002       +191.3 +55.1,+55.4,+53.0,+12.5,+15.3 1,1,1,2,2      0      164
Player_000       +187.9  +45.9,+6.2,+49.6,+64.9,+21.3 1,2,1,1,2      0      157
Player_000       +187.3  +64.1,▲14.0,+56.8,+3.2,+77.2 1,3,1,2,1      0      157
Player_000       +176.6   +7.3,+55.6,+68.0,▲6.1,+51.8 2,1,1,2,1      0      157
Player_001       +175.6 +50.9,▲18.4,+43.7,+51.8,+47.6 1,3,1,1,1      0      121
Player_001       +174.8 +46.8,+50.9,▲18.4,+43.7,+51.8 1,1,3,1,1      0      121
Player_000       +174.5 +48.4,+14.0,▲13.4,+60.3,+65.2 1,2,3,1,1      0      157
Player_000       +172.4  +60.3,+65.2,▲16.1,+55.2,+7.8 1,1,3,1,2      0      157
Player_000       +171.1  +52.3,+6.6,+14.8,+55.9,+41.5 1,2,2,1,1      0      157
